2016.12.04	창원LG	W82-77	4'16"	0	0	0	0	0	0	0	0	0	0	0	
2016.12.02	인천전자랜드	L106-74	15'59"	2	0	0	0	1	1	2	1	0	1	1	
2016.11.27	원주동부	L87-74	32'50"	8	2	2	0	0	0	3	0	0	0	3	
2016.11.25	안양KGC	L70-83	1'21"	0	0	0	0	0	0	0	0	0	0	0	
2016.11.22	부산KT	W55-95	12'29"	6	0	0	0	0	0	2	1	0	0	0	
2016.11.19	서울삼성	W87-83	0'45"	0	0	0	0	0	0	0	0	0	0	0	
2016.11.02	원주동부	W74-75	1'40"	0	0	0	0	0	0	0	0	0	1	0	
2016.10.29	창원LG	L85-74	22'20"	3	1	0	0	1	1	2	0	0	1	2	

평균	78.9	-	81.3	11'28"	2.4	0.4	0.3	0.0	0.3	0.3	1.1	0.3	0.0	0.4	0.8	
